9999
-9999
-9999
-9998
-9992
-9988
-9986
-9985
-9985
-9984
-9982
-9981
-9979
-9979
-9972
-9972
-9966
-9965
-9963
-9958
-9958
-9958
-9955
-9955
-9941
-9935
-9933
-9929
-9925
-9919
-9918
-9915
-9912
-9908
-9907
-9906
-9905
-9902
-9901
-9900
-9898
-9895
-9894
-9892
-9891
-9884
-9884
-9883
-9879
-9878
-9876
-9874
-9869
-9867
-9867
-9866
-9862
-9859
-9856
-9856
-9847
-9847
-9846
-9845
-9841
-9840
-9837
-9837
-9834
-9833
-9829
-9828
-9828
-9824
-9821
-9821
-9819
-9818
-9818
-9817
-9816
-9815
-9813
-9810
-9809
-9804
-9803
-9790
-9785
-9784
-9779
-9769
-9765
-9762
-9762
-9759
-9756
-9753
-9752
-9750
-9750
-9749
-9749
-9746
-9745
-9744
-9744
-9743
-9739
-9738
-9737
-9735
-9731
-9730
-9728
-9728
-9726
-9725
-9724
-9723
-9719
-9719
-9713
-9710
-9705
-9705
-9704
-9704
-9703
-9703
-9700
-9699
-9698
-9695
-9694
-9692
-9691
-9691
-9690
-9690
-9685
-9684
-9683
-9680
-9679
-9677
-9674
-9674
-9674
-9671
-9670
-9670
-9667
-9667
-9667
-9664
-9663
-9661
-9661
-9660
-9660
-9657
-9656
-9656
-9656
-9655
-9654
-9649
-9648
-9646
-9646
-9644
-9643
-9643
-9635
-9634
-9633
-9633
-9627
-9627
-9625
-9624
-9624
-9622
-9621
-9621
-9619
-9618
-9615
-9615
-9614
-9614
-9609
-9606
-9606
-9605
-9605
-9604
-9603
-9597
-9596
-9593
-9593
-9581
-9580
-9578
-9574
-9573
-9573
-9567
-9563
-9561
-9561
-9560
-9558
-9555
-9551
-9548
-9548
-9542
-9539
-9539
-9537
-9537
-9536
-9535
-9532
-9524
-9523
-9523
-9522
-9517
-9513
-9508
-9505
-9504
-9502
-9499
-9496
-9495
-9495
-9495
-9492
-9490
-9486
-9484
-9481
-9481
-9478
-9471
-9467
-9467
-9466
-9465
-9465
-9462
-9461
-9460
-9459
-9459
-9456
-9451
-9450
-9449
-9449
-9448
-9444
-9439
-9434
-9432
-9431
-9430
-9429
-9428
-9428
-9424
-9424
-9423
-9423
-9416
-9416
-9409
-9406
-9404
-9404
-9403
-9403
-9400
-9399
-9399
-9394
-9391
-9390
-9389
-9389
-9387
-9387
-9386
-9382
-9379
-9377
-9376
-9376
-9375
-9374
-9369
-9367
-9366
-9363
-9362
-9358
-9354
-9349
-9348
-9347
-9347
-9345
-9340
-9340
-9336
-9336
-9336
-9334
-9328
-9325
-9325
-9323
-9322
-9321
-9318
-9316
-9314
-9314
-9313
-9310
-9310
-9308
-9307
-9301
-9300
-9300
-9299
-9296
-9294
-9290
-9289
-9289
-9289
-9288
-9287
-9287
-9287
-9285
-9285
-9284
-9281
-9280
-9279
-9278
-9277
-9276
-9275
-9272
-9272
-9271
-9271
-9269
-9267
-9266
-9266
-9256
-9254
-9253
-9252
-9249
-9246
-9245
-9243
-9242
-9240
-9238
-9234
-9226
-9224
-9221
-9220
-9219
-9217
-9217
-9212
-9208
-9197
-9196
-9194
-9194
-9191
-9189
-9189
-9184
-9180
-9178
-9177
-9171
-9170
-9169
-9168
-9166
-9165
-9162
-9161
-9159
-9156
-9156
-9155
-9149
-9148
-9147
-9143
-9141
-9139
-9136
-9134
-9133
-9129
-9128
-9124
-9123
-9123
-9122
-9118
-9117
-9117
-9116
-9113
-9112
-9109
-9108
-9107
-9104
-9100
-9098
-9097
-9093
-9092
-9092
-9090
-9089
-9087
-9086
-9084
-9078
-9078
-9074
-9071
-9070
-9068
-9060
-9057
-9055
-9055
-9050
-9049
-9048
-9047
-9046
-9046
-9045
-9045
-9042
-9039
-9037
-9034
-9033
-9033
-9028
-9027
-9026
-9025
-9025
-9023
-9018
-9018
-9016
-9014
-9013
-9013
-9013
-9012
-9011
-9011
-9010
-9006
-9005
-9004
-9002
-8997
-8992
-8987
-8985
-8985
-8983
-8982
-8981
-8981
-8980
-8974
-8973
-8969
-8968
-8968
-8964
-8959
-8952
-8950
-8948
-8947
-8941
-8939
-8938
-8937
-8936
-8936
-8935
-8931
-8929
-8927
-8927
-8925
-8925
-8923
-8923
-8915
-8915
-8914
-8913
-8913
-8910
-8908
-8906
-8902
-8902
-8901
-8897
-8894
-8891
-8890
-8889
-8888
-8887
-8884
-8880
-8877
-8869
-8869
-8863
-8863
-8861
-8860
-8860
-8858
-8856
-8853
-8850
-8848
-8848
-8848
-8847
-8846
-8844
-8842
-8834
-8834
-8833
-8830
-8829
-8820
-8813
-8813
-8813
-8810
-8808
-8808
-8805
-8804
-8800
-8797
-8796
-8791
-8791
-8791
-8788
-8784
-8783
-8783
-8783
-8781
-8779
-8772
-8772
-8766
-8765
-8763
-8763
-8762
-8762
-8759
-8756
-8756
-8755
-8752
-8749
-8748
-8747
-8747
-8746
-8746
-8743
-8742
-8736
-8733
-8731
-8728
-8727
-8726
-8726
-8725
-8722
-8716
-8709
-8708
-8708
-8705
-8704
-8703
-8702
-8702
-8696
-8695
-8693
-8692
-8690
-8690
-8689
-8685
-8680
-8680
-8680
-8677
-8673
-8668
-8668
-8663
-8658
-8657
-8656
-8655
-8651
-8648
-8647
-8644
-8640
-8639
-8638
-8638
-8636
-8636
-8630
-8629
-8627
-8626
-8625
-8625
-8624
-8624
-8621
-8620
-8619
-8619
-8618
-8617
-8614
-8611
-8604
-8599
-8598
-8596
-8593
-8591
-8582
-8582
-8581
-8578
-8565
-8564
-8563
-8563
-8561
-8555
-8549
-8549
-8549
-8548
-8546
-8545
-8543
-8542
-8541
-8536
-8536
-8532
-8532
-8526
-8523
-8521
-8520
-8518
-8517
-8513
-8512
-8512
-8511
-8511
-8508
-8508
-8507
-8506
-8504
-8501
-8501
-8500
-8500
-8499
-8499
-8497
-8496
-8495
-8495
-8488
-8483
-8481
-8480
-8478
-8477
-8476
-8476
-8474
-8473
-8470
-8470
-8469
-8463
-8463
-8462
-8461
-8460
-8458
-8457
-8455
-8453
-8449
-8449
-8447
-8447
-8446
-8444
-8443
-8437
-8437
-8436
-8429
-8429
-8427
-8423
-8418
-8416
-8415
-8412
-8411
-8405
-8404
-8399
-8396
-8395
-8395
-8392
-8389
-8389
-8383
-8381
-8381
-8378
-8377
-8376
-8375
-8371
-8371
-8365
-8364
-8364
-8363
-8360
-8357
-8356
-8355
-8352
-8351
-8350
-8348
-8342
-8341
-8340
-8339
-8338
-8337
-8337
-8335
-8329
-8329
-8328
-8328
-8311
-8311
-8305
-8303
-8302
-8302
-8301
-8301
-8299
-8298
-8295
-8294
-8290
-8289
-8284
-8280
-8280
-8276
-8271
-8264
-8264
-8263
-8256
-8255
-8255
-8254
-8250
-8250
-8250
-8247
-8246
-8245
-8245
-8240
-8237
-8237
-8229
-8228
-8225
-8223
-8218
-8216
-8212
-8212
-8209
-8208
-8208
-8208
-8208
-8207
-8206
-8205
-8205
-8203
-8203
-8202
-8202
-8197
-8196
-8196
-8193
-8193
-8191
-8190
-8190
-8189
-8183
-8179
-8179
-8178
-8171
-8169
-8169
-8166
-8163
-8163
-8161
-8158
-8158
-8154
-8152
-8149
-8149
-8148
-8146
-8141
-8138
-8137
-8132
-8129
-8123
-8121
-8118
-8118
-8116
-8115
-8115
-8113
-8105
-8103
-8103
-8103
-8102
-8101
-8100
-8099
-8099
-8099
-8098
-8097
-8095
-8094
-8093
-8092
-8092
-8089
-8088
-8084
-8082
-8081
-8080
-8080
-8078
-8075
-8071
-8070
-8067
-8064
-8063
-8061
-8060
-8059
-8057
-8056
-8054
-8054
-8054
-8050
-8049
-8047
-8046
-8045
-8045
-8045
-8043
-8041
-8039
-8035
-8034
-8033
-8031
-8031
-8030
-8029
-8028
-8027
-8026
-8025
-8025
-8023
-8017
-8016
-8011
-8008
-8007
-8007
-8007
-8005
-8002
-7998
-7997
-7990
-7987
-7986
-7986
-7984
-7983
-7982
-7982
-7980
-7978
-7978
-7972
-7972
-7970
-7970
-7968
-7968
-7965
-7964
-7964
-7962
-7961
-7959
-7957
-7957
-7955
-7952
-7951
-7949
-7948
-7948
-7947
-7947
-7941
-7940
-7937
-7936
-7936
-7934
-7933
-7933
-7933
-7931
-7929
-7929
-7927
-7926
-7923
-7921
-7921
-7913
-7907
-7906
-7905
-7904
-7904
-7903
-7902
-7895
-7888
-7879
-7876
-7874
-7873
-7870
-7869
-7866
-7866
-7864
-7863
-7860
-7859
-7855
-7855
-7853
-7850
-7849
-7845
-7844
-7843
-7841
-7840
-7839
-7835
-7835
-7835
-7834
-7833
-7832
-7832
-7830
-7824
-7824
-7821
-7821
-7820
-7819
-7818
-7817
-7817
-7814
-7813
-7813
-7812
-7811
-7809
-7806
-7806
-7801
-7798
-7796
-7795
-7794
-7793
-7793
-7792
-7792
-7792
-7791
-7789
-7788
-7788
-7787
-7785
-7781
-7781
-7778
-7775
-7773
-7772
-7772
-7772
-7771
-7771
-7771
-7768
-7765
-7758
-7758
-7757
-7757
-7757
-7754
-7753
-7752
-7751
-7749
-7747
-7747
-7747
-7744
-7744
-7742
-7740
-7737
-7736
-7735
-7734
-7732
-7730
-7727
-7724
-7718
-7716
-7714
-7710
-7704
-7704
-7704
-7704
-7701
-7701
-7699
-7698
-7695
-7691
-7690
-7689
-7686
-7683
-7682
-7680
-7679
-7677
-7676
-7675
-7671
-7670
-7668
-7668
-7664
-7663
-7662
-7656
-7656
-7650
-7650
-7648
-7648
-7646
-7640
-7636
-7635
-7634
-7634
-7631
-7631
-7630
-7627
-7625
-7624
-7624
-7622
-7619
-7619
-7618
-7616
-7615
-7610
-7608
-7607
-7605
-7600
-7599
-7597
-7597
-7597
-7596
-7593
-7591
-7591
-7591
-7590
-7590
-7587
-7586
-7583
-7582
-7581
-7580
-7579
-7578
-7575
-7572
-7568
-7566
-7566
-7564
-7563
-7563
-7562
-7560
-7559
-7557
-7556
-7553
-7553
-7551
-7550
-7548
-7547
-7545
-7544
-7534
-7534
-7533
-7533
-7531
-7530
-7527
-7527
-7525
-7524
-7520
-7517
-7515
-7510
-7508
-7503
-7503
-7502
-7502
-7500
-7499
-7498
-7497
-7495
-7495
-7493
-7491
-7491
-7491
-7490
-7486
-7483
-7480
-7479
-7476
-7474
-7474
-7474
-7468
-7466
-7465
-7462
-7460
-7456
-7455
-7453
-7453
-7452
-7449
-7449
-7443
-7442
-7437
-7437
-7435
-7433
-7429
-7426
-7426
-7425
-7422
-7422
-7420
-7409
-7409
-7408
-7407
-7406
-7405
-7404
-7403
-7400
-7398
-7394
-7394
-7392
-7392
-7390
-7390
-7390
-7387
-7386
-7382
-7380
-7376
-7375
-7374
-7373
-7373
-7371
-7371
-7369
-7367
-7365
-7364
-7364
-7363
-7361
-7358
-7358
-7357
-7357
-7355
-7348
-7346
-7343
-7340
-7339
-7338
-7337
-7336
-7334
-7333
-7331
-7329
-7329
-7328
-7327
-7326
-7326
-7326
-7324
-7323
-7319
-7313
-7308
-7308
-7307
-7306
-7301
-7296
-7293
-7283
-7281
-7281
-7279
-7274
-7273
-7273
-7265
-7263
-7257
-7253
-7252
-7250
-7248
-7248
-7248
-7244
-7241
-7241
-7240
-7240
-7236
-7236
-7234
-7233
-7232
-7227
-7227
-7225
-7222
-7221
-7219
-7218
-7215
-7213
-7210
-7206
-7205
-7201
-7199
-7196
-7195
-7191
-7190
-7189
-7188
-7187
-7187
-7185
-7184
-7181
-7179
-7178
-7176
-7173
-7170
-7169
-7164
-7160
-7159
-7154
-7152
-7152
-7149
-7145
-7145
-7142
-7141
-7141
-7138
-7138
-7128
-7128
-7124
-7122
-7121
-7121
-7120
-7118
-7116
-7115
-7114
-7111
-7111
-7108
-7106
-7106
-7104
-7099
-7097
-7097
-7095
-7095
-7094
-7094
-7092
-7087
-7085
-7082
-7082
-7082
-7080
-7078
-7077
-7075
-7075
-7072
-7065
-7065
-7063
-7062
-7061
-7060
-7059
-7058
-7052
-7051
-7050
-7049
-7049
-7047
-7047
-7045
-7045
-7040
-7038
-7038
-7037
-7036
-7033
-7029
-7025
-7023
-7022
-7018
-7015
-7013
-7005
-7004
-7004
-6995
-6995
-6994
-6993
-6992
-6992
-6990
-6989
-6989
-6988
-6987
-6985
-6984
-6982
-6980
-6978
-6978
-6975
-6973
-6972
-6971
-6969
-6969
-6968
-6960
-6959
-6958
-6955
-6955
-6952
-6951
-6948
-6947
-6947
-6943
-6941
-6936
-6925
-6924
-6922
-6921
-6920
-6919
-6918
-6918
-6915
-6915
-6914
-6913
-6911
-6909
-6902
-6900
-6900
-6898
-6898
-6889
-6887
-6885
-6883
-6882
-6882
-6880
-6875
-6874
-6874
-6873
-6872
-6871
-6870
-6863
-6862
-6861
-6860
-6859
-6859
-6857
-6856
-6851
-6847
-6846
-6842
-6841
-6840
-6837
-6836
-6829
-6828
-6827
-6826
-6826
-6822
-6821
-6817
-6817
-6817
-6815
-6813
-6813
-6811
-6809
-6809
-6808
-6806
-6805
-6805
-6797
-6787
-6786
-6784
-6783
-6782
-6782
-6782
-6781
-6778
-6774
-6773
-6772
-6771
-6771
-6769
-6766
-6765
-6765
-6761
-6761
-6761
-6760
-6757
-6755
-6754
-6752
-6749
-6745
-6744
-6743
-6741
-6738
-6737
-6736
-6736
-6735
-6733
-6733
-6731
-6728
-6727
-6723
-6721
-6721
-6719
-6719
-6717
-6717
-6716
-6714
-6713
-6709
-6706
-6706
-6705
-6705
-6705
-6702
-6697
-6696
-6694
-6693
-6689
-6688
-6679
-6676
-6674
-6670
-6666
-6665
-6664
-6658
-6657
-6656
-6656
-6656
-6651
-6651
-6650
-6649
-6647
-6645
-6639
-6638
-6638
-6634
-6633
-6633
-6633
-6633
-6632
-6630
-6623
-6618
-6618
-6617
-6614
-6613
-6611
-6609
-6602
-6600
-6597
-6596
-6593
-6593
-6592
-6589
-6583
-6581
-6576
-6574
-6571
-6571
-6570
-6569
-6567
-6567
-6566
-6562
-6561
-6561
-6560
-6560
-6559
-6556
-6555
-6552
-6552
-6551
-6546
-6544
-6544
-6542
-6539
-6536
-6534
-6531
-6530
-6529
-6527
-6526
-6526
-6526
-6522
-6521
-6518
-6517
-6515
-6512
-6506
-6505
-6500
-6500
-6499
-6497
-6497
-6492
-6489
-6486
-6484
-6482
-6480
-6479
-6479
-6479
-6476
-6475
-6475
-6471
-6470
-6469
-6467
-6463
-6463
-6461
-6460
-6457
-6449
-6449
-6444
-6444
-6444
-6438
-6435
-6434
-6434
-6433
-6431
-6430
-6428
-6426
-6425
-6425
-6423
-6420
-6415
-6412
-6403
-6403
-6402
-6401
-6400
-6400
-6395
-6394
-6391
-6384
-6383
-6379
-6378
-6378
-6376
-6376
-6375
-6371
-6371
-6370
-6368
-6365
-6364
-6364
-6359
-6359
-6355
-6351
-6348
-6345
-6343
-6343
-6337
-6334
-6332
-6329
-6328
-6326
-6324
-6323
-6322
-6321
-6321
-6321
-6320
-6319
-6318
-6316
-6315
-6314
-6314
-6314
-6307
-6307
-6306
-6306
-6305
-6302
-6302
-6301
-6300
-6296
-6295
-6294
-6294
-6294
-6290
-6289
-6279
-6277
-6277
-6276
-6273
-6273
-6272
-6269
-6268
-6265
-6257
-6256
-6255
-6255
-6252
-6247
-6246
-6245
-6243
-6243
-6236
-6234
-6227
-6225
-6224
-6223
-6223
-6221
-6220
-6216
-6215
-6215
-6215
-6213
-6212
-6211
-6211
-6204
-6203
-6203
-6196
-6196
-6195
-6193
-6191
-6190
-6189
-6189
-6186
-6173
-6170
-6166
-6165
-6164
-6163
-6161
-6161
-6159
-6153
-6153
-6152
-6151
-6146
-6145
-6145
-6143
-6140
-6135
-6132
-6131
-6129
-6128
-6128
-6127
-6125
-6122
-6119
-6118
-6116
-6115
-6114
-6114
-6113
-6110
-6109
-6106
-6103
-6099
-6097
-6096
-6093
-6091
-6090
-6087
-6086
-6086
-6085
-6083
-6082
-6078
-6078
-6075
-6072
-6071
-6068
-6066
-6057
-6055
-6052
-6049
-6047
-6044
-6043
-6043
-6042
-6041
-6037
-6035
-6035
-6033
-6030
-6027
-6026
-6026
-6025
-6024
-6023
-6023
-6021
-6020
-6020
-6020
-6017
-6016
-6015
-6014
-6014
-6009
-6009
-6007
-6000
-5997
-5996
-5996
-5995
-5994
-5993
-5992
-5990
-5987
-5985
-5984
-5983
-5983
-5981
-5978
-5977
-5975
-5973
-5972
-5969
-5968
-5967
-5967
-5965
-5964
-5964
-5963
-5963
-5962
-5959
-5958
-5957
-5957
-5956
-5956
-5951
-5946
-5943
-5940
-5938
-5937
-5936
-5936
-5933
-5932
-5929
-5925
-5923
-5919
-5917
-5915
-5912
-5912
-5910
-5910
-5908
-5906
-5905
-5900
-5899
-5898
-5898
-5895
-5895
-5893
-5892
-5886
-5884
-5883
-5883
-5881
-5881
-5881
-5880
-5879
-5878
-5878
-5877
-5868
-5863
-5861
-5859
-5855
-5854
-5853
-5850
-5848
-5848
-5847
-5846
-5844
-5840
-5840
-5836
-5833
-5828
-5826
-5822
-5817
-5817
-5809
-5808
-5806
-5804
-5802
-5797
-5795
-5794
-5793
-5790
-5789
-5788
-5786
-5781
-5781
-5776
-5773
-5768
-5768
-5766
-5766
-5764
-5758
-5754
-5752
-5748
-5747
-5745
-5745
-5744
-5742
-5741
-5740
-5738
-5737
-5736
-5732
-5729
-5726
-5725
-5724
-5724
-5722
-5717
-5715
-5714
-5713
-5713
-5713
-5713
-5710
-5700
-5696
-5691
-5691
-5691
-5691
-5690
-5689
-5689
-5687
-5686
-5685
-5681
-5681
-5680
-5677
-5672
-5668
-5667
-5664
-5664
-5661
-5657
-5657
-5657
-5651
-5650
-5647
-5645
-5631
-5626
-5625
-5625
-5625
-5621
-5619
-5618
-5617
-5614
-5610
-5610
-5606
-5600
-5600
-5599
-5597
-5596
-5592
-5591
-5587
-5584
-5578
-5576
-5575
-5575
-5571
-5568
-5567
-5564
-5561
-5555
-5554
-5552
-5550
-5549
-5548
-5548
-5548
-5544
-5544
-5542
-5539
-5533
-5533
-5531
-5528
-5527
-5524
-5521
-5519
-5517
-5515
-5514
-5514
-5513
-5512
-5511
-5508
-5506
-5505
-5503
-5503
-5502
-5501
-5498
-5498
-5496
-5493
-5486
-5485
-5484
-5482
-5482
-5481
-5481
-5478
-5473
-5473
-5472
-5469
-5461
-5458
-5457
-5455
-5454
-5449
-5448
-5445
-5438
-5434
-5434
-5433
-5432
-5432
-5431
-5431
-5429
-5429
-5428
-5427
-5424
-5424
-5423
-5421
-5419
-5416
-5410
-5409
-5408
-5406
-5403
-5402
-5400
-5397
-5397
-5396
-5393
-5388
-5385
-5384
-5380
-5379
-5378
-5377
-5374
-5373
-5370
-5366
-5360
-5357
-5357
-5355
-5353
-5349
-5348
-5345
-5341
-5334
-5332
-5332
-5328
-5327
-5321
-5321
-5320
-5319
-5316
-5313
-5313
-5312
-5312
-5310
-5305
-5305
-5302
-5301
-5300
-5300
-5300
-5298
-5298
-5292
-5290
-5288
-5287
-5284
-5282
-5281
-5280
-5276
-5275
-5274
-5274
-5273
-5271
-5271
-5270
-5270
-5269
-5269
-5268
-5265
-5264
-5262
-5261
-5261
-5260
-5258
-5257
-5256
-5255
-5255
-5248
-5247
-5245
-5245
-5243
-5240
-5240
-5231
-5229
-5229
-5228
-5224
-5224
-5219
-5218
-5218
-5214
-5204
-5203
-5200
-5200
-5197
-5192
-5185
-5182
-5177
-5176
-5176
-5175
-5173
-5171
-5169
-5167
-5161
-5160
-5160
-5160
-5158
-5158
-5157
-5155
-5152
-5148
-5147
-5144
-5144
-5142
-5142
-5140
-5138
-5135
-5132
-5130
-5130
-5129
-5125
-5124
-5116
-5112
-5111
-5111
-5109
-5106
-5105
-5104
-5103
-5102
-5101
-5099
-5099
-5099
-5096
-5093
-5093
-5090
-5086
-5084
-5082
-5081
-5080
-5078
-5074
-5074
-5070
-5070
-5064
-5063
-5062
-5059
-5054
-5051
-5051
-5049
-5046
-5045
-5043
-5043
-5042
-5041
-5036
-5035
-5033
-5032
-5029
-5021
-5021
-5020
-5020
-5017
-5013
-5009
-5007
-5006
-5005
-5004
-4999
-4998
-4996
-4993
-4992
-4992
-4991
-4991
-4988
-4987
-4987
-4987
-4986
-4982
-4979
-4978
-4978
-4970
-4967
-4967
-4964
-4962
-4962
-4959
-4958
-4957
-4957
-4956
-4956
-4955
-4954
-4947
-4941
-4938
-4936
-4936
-4934
-4932
-4932
-4931
-4930
-4930
-4928
-4927
-4925
-4923
-4923
-4920
-4918
-4915
-4914
-4910
-4908
-4902
-4902
-4899
-4892
-4891
-4890
-4888
-4886
-4884
-4881
-4878
-4875
-4870
-4863
-4862
-4862
-4861
-4861
-4861
-4860
-4857
-4856
-4855
-4853
-4853
-4851
-4849
-4849
-4849
-4844
-4843
-4841
-4841
-4834
-4833
-4832
-4830
-4828
-4826
-4825
-4818
-4813
-4813
-4809
-4809
-4807
-4803
-4802
-4798
-4796
-4796
-4795
-4795
-4792
-4789
-4785
-4785
-4784
-4782
-4776
-4774
-4773
-4773
-4768
-4768
-4765
-4762
-4761
-4757
-4755
-4755
-4755
-4753
-4750
-4750
-4747
-4746
-4745
-4745
-4743
-4735
-4735
-4735
-4732
-4731
-4730
-4730
-4730
-4727
-4725
-4725
-4723
-4722
-4722
-4721
-4721
-4720
-4720
-4718
-4717
-4712
-4711
-4711
-4709
-4709
-4707
-4707
-4705
-4705
-4704
-4703
-4700
-4696
-4691
-4690
-4688
-4682
-4680
-4675
-4674
-4671
-4669
-4666
-4666
-4666
-4665
-4664
-4661
-4657
-4657
-4656
-4656
-4655
-4651
-4648
-4648
-4647
-4645
-4644
-4644
-4641
-4641
-4640
-4639
-4632
-4631
-4631
-4627
-4627
-4626
-4622
-4622
-4620
-4619
-4618
-4617
-4612
-4611
-4610
-4607
-4603
-4600
-4597
-4597
-4596
-4589
-4582
-4580
-4579
-4578
-4578
-4574
-4573
-4573
-4573
-4569
-4568
-4567
-4566
-4566
-4564
-4561
-4561
-4557
-4555
-4553
-4551
-4549
-4549
-4547
-4547
-4545
-4542
-4538
-4536
-4530
-4530
-4528
-4526
-4522
-4518
-4517
-4515
-4514
-4514
-4510
-4510
-4507
-4507
-4505
-4503
-4501
-4496
-4496
-4478
-4475
-4469
-4467
-4466
-4466
-4466
-4464
-4462
-4462
-4462
-4461
-4460
-4458
-4458
-4456
-4456
-4454
-4454
-4454
-4450
-4446
-4445
-4443
-4441
-4441
-4438
-4437
-4436
-4435
-4432
-4432
-4429
-4428
-4427
-4427
-4427
-4426
-4426
-4423
-4422
-4421
-4420
-4420
-4417
-4416
-4413
-4409
-4408
-4407
-4405
-4405
-4404
-4400
-4399
-4396
-4394
-4393
-4392
-4391
-4385
-4385
-4384
-4383
-4380
-4379
-4379
-4379
-4372
-4371
-4369
-4369
-4367
-4367
-4367
-4366
-4359
-4356
-4355
-4352
-4349
-4347
-4331
-4331
-4331
-4330
-4329
-4329
-4320
-4318
-4318
-4311
-4311
-4305
-4301
-4297
-4290
-4288
-4286
-4285
-4277
-4273
-4272
-4269
-4268
-4267
-4263
-4261
-4261
-4260
-4259
-4258
-4252
-4242
-4240
-4237
-4235
-4227
-4226
-4225
-4223
-4220
-4220
-4207
-4206
-4204
-4202
-4201
-4197
-4186
-4185
-4181
-4179
-4179
-4177
-4176
-4176
-4175
-4174
-4173
-4172
-4171
-4170
-4168
-4165
-4163
-4159
-4158
-4156
-4152
-4151
-4151
-4149
-4149
-4148
-4144
-4143
-4142
-4142
-4141
-4139
-4139
-4137
-4136
-4136
-4134
-4134
-4133
-4130
-4130
-4128
-4127
-4122
-4119
-4118
-4114
-4114
-4109
-4108
-4105
-4105
-4104
-4096
-4092
-4090
-4089
-4088
-4088
-4087
-4085
-4079
-4078
-4077
-4075
-4074
-4074
-4068
-4064
-4063
-4055
-4046
-4046
-4046
-4046
-4045
-4043
-4041
-4041
-4039
-4039
-4035
-4031
-4029
-4028
-4027
-4026
-4022
-4021
-4016
-4016
-4016
-4015
-4015
-4013
-4009
-4008
-4005
-4003
-4001
-4001
-3999
-3998
-3992
-3991
-3987
-3986
-3985
-3982
-3980
-3975
-3975
-3975
-3974
-3973
-3971
-3968
-3964
-3964
-3964
-3964
-3959
-3957
-3956
-3951
-3949
-3946
-3946
-3946
-3945
-3945
-3941
-3940
-3934
-3928
-3928
-3927
-3924
-3924
-3920
-3919
-3915
-3914
-3913
-3913
-3913
-3910
-3908
-3895
-3893
-3893
-3890
-3888
-3885
-3879
-3876
-3876
-3873
-3870
-3869
-3869
-3868
-3867
-3866
-3864
-3862
-3862
-3859
-3857
-3857
-3855
-3854
-3853
-3852
-3852
-3850
-3847
-3845
-3844
-3840
-3839
-3838
-3832
-3827
-3824
-3823
-3822
-3821
-3820
-3819
-3818
-3809
-3805
-3805
-3804
-3800
-3799
-3796
-3793
-3793
-3792
-3791
-3788
-3788
-3788
-3787
-3787
-3785
-3785
-3784
-3784
-3783
-3781
-3779
-3767
-3767
-3764
-3762
-3762
-3753
-3750
-3749
-3747
-3746
-3744
-3743
-3738
-3736
-3735
-3735
-3733
-3732
-3731
-3729
-3726
-3725
-3721
-3716
-3716
-3711
-3711
-3708
-3706
-3706
-3705
-3704
-3703
-3701
-3699
-3696
-3693
-3691
-3691
-3689
-3686
-3680
-3672
-3669
-3668
-3662
-3660
-3658
-3657
-3655
-3648
-3647
-3647
-3644
-3643
-3640
-3636
-3634
-3634
-3633
-3631
-3631
-3631
-3629
-3627
-3624
-3622
-3621
-3620
-3619
-3618
-3617
-3614
-3612
-3612
-3612
-3608
-3607
-3606
-3606
-3606
-3603
-3601
-3600
-3597
-3596
-3595
-3593
-3590
-3589
-3586
-3586
-3586
-3584
-3583
-3582
-3581
-3577
-3576
-3575
-3573
-3570
-3569
-3568
-3565
-3565
-3563
-3563
-3562
-3552
-3551
-3547
-3545
-3543
-3542
-3542
-3542
-3541
-3539
-3536
-3534
-3531
-3527
-3527
-3524
-3523
-3522
-3515
-3511
-3509
-3508
-3507
-3505
-3503
-3503
-3496
-3494
-3492
-3489
-3488
-3486
-3481
-3481
-3480
-3478
-3478
-3476
-3475
-3475
-3474
-3474
-3473
-3472
-3471
-3471
-3468
-3466
-3458
-3450
-3449
-3447
-3447
-3442
-3442
-3441
-3440
-3440
-3439
-3439
-3439
-3437
-3435
-3435
-3433
-3432
-3431
-3430
-3429
-3429
-3428
-3425
-3424
-3421
-3421
-3421
-3418
-3418
-3418
-3413
-3412
-3411
-3411
-3409
-3403
-3403
-3398
-3396
-3396
-3395
-3393
-3392
-3391
-3391
-3389
-3383
-3380
-3380
-3380
-3379
-3378
-3374
-3374
-3373
-3373
-3369
-3368
-3367
-3367
-3365
-3363
-3360
-3356
-3352
-3351
-3350
-3350
-3350
-3349
-3348
-3346
-3342
-3340
-3338
-3335
-3333
-3332
-3330
-3330
-3329
-3325
-3320
-3316
-3315
-3314
-3312
-3302
-3301
-3301
-3297
-3297
-3297
-3297
-3288
-3287
-3282
-3276
-3273
-3270
-3268
-3267
-3266
-3263
-3262
-3258
-3258
-3254
-3244
-3242
-3240
-3237
-3236
-3234
-3234
-3233
-3233
-3232
-3231
-3231
-3226
-3222
-3221
-3220
-3218
-3218
-3217
-3212
-3211
-3207
-3205
-3204
-3199
-3194
-3192
-3191
-3189
-3185
-3183
-3182
-3181
-3180
-3178
-3178
-3174
-3173
-3168
-3166
-3164
-3162
-3154
-3151
-3148
-3145
-3144
-3144
-3142
-3141
-3140
-3138
-3138
-3138
-3136
-3136
-3136
-3135
-3134
-3133
-3125
-3123
-3120
-3117
-3114
-3108
-3107
-3107
-3106
-3105
-3103
-3102
-3101
-3101
-3099
-3096
-3096
-3096
-3084
-3083
-3081
-3074
-3072
-3068
-3067
-3067
-3065
-3065
-3062
-3060
-3059
-3058
-3053
-3051
-3049
-3044
-3042
-3040
-3039
-3039
-3036
-3034
-3033
-3031
-3030
-3025
-3024
-3024
-3019
-3018
-3017
-3014
-3014
-3013
-3009
-3008
-3008
-3008
-3004
-3003
-3001
-3001
-2997
-2997
-2994
-2993
-2993
-2991
-2991
-2988
-2987
-2987
-2987
-2987
-2984
-2983
-2982
-2981
-2981
-2979
-2970
-2970
-2969
-2969
-2965
-2962
-2961
-2957
-2957
-2956
-2954
-2953
-2951
-2950
-2949
-2948
-2947
-2944
-2938
-2936
-2933
-2932
-2932
-2930
-2928
-2927
-2926
-2923
-2922
-2921
-2921
-2916
-2916
-2913
-2911
-2909
-2907
-2904
-2903
-2903
-2901
-2898
-2896
-2896
-2887
-2886
-2886
-2885
-2884
-2883
-2882
-2881
-2879
-2878
-2878
-2874
-2862
-2861
-2854
-2852
-2851
-2850
-2850
-2849
-2847
-2846
-2845
-2844
-2843
-2839
-2836
-2831
-2828
-2826
-2825
-2812
-2812
-2810
-2810
-2809
-2807
-2807
-2805
-2805
-2804
-2804
-2802
-2801
-2800
-2798
-2793
-2792
-2786
-2786
-2785
-2784
-2783
-2783
-2783
-2782
-2781
-2773
-2771
-2770
-2765
-2763
-2763
-2762
-2752
-2751
-2748
-2744
-2744
-2741
-2740
-2737
-2734
-2727
-2725
-2724
-2721
-2718
-2717
-2716
-2715
-2715
-2714
-2713
-2710
-2707
-2707
-2705
-2700
-2697
-2697
-2694
-2693
-2693
-2692
-2690
-2689
-2683
-2679
-2678
-2674
-2670
-2669
-2665
-2663
-2661
-2661
-2658
-2654
-2652
-2651
-2651
-2649
-2648
-2647
-2646
-2644
-2643
-2642
-2640
-2636
-2632
-2632
-2629
-2626
-2626
-2625
-2624
-2622
-2617
-2617
-2615
-2611
-2610
-2608
-2607
-2606
-2604
-2603
-2602
-2600
-2599
-2598
-2597
-2594
-2592
-2589
-2582
-2579
-2578
-2577
-2577
-2576
-2575
-2573
-2573
-2573
-2570
-2567
-2562
-2562
-2561
-2561
-2557
-2557
-2551
-2551
-2548
-2547
-2546
-2545
-2542
-2540
-2538
-2538
-2536
-2536
-2533
-2533
-2531
-2528
-2526
-2523
-2521
-2518
-2517
-2516
-2516
-2514
-2503
-2503
-2502
-2496
-2496
-2493
-2493
-2489
-2488
-2485
-2477
-2476
-2474
-2474
-2472
-2471
-2469
-2467
-2466
-2465
-2465
-2461
-2459
-2456
-2451
-2450
-2449
-2443
-2442
-2442
-2439
-2438
-2437
-2430
-2427
-2426
-2426
-2426
-2426
-2426
-2421
-2421
-2419
-2416
-2416
-2415
-2415
-2414
-2413
-2413
-2412
-2411
-2411
-2407
-2405
-2405
-2402
-2402
-2401
-2398
-2396
-2396
-2394
-2387
-2387
-2387
-2385
-2377
-2376
-2376
-2375
-2372
-2372
-2368
-2368
-2367
-2365
-2364
-2361
-2358
-2357
-2355
-2353
-2352
-2350
-2349
-2348
-2346
-2337
-2334
-2331
-2324
-2323
-2322
-2317
-2311
-2308
-2307
-2307
-2306
-2306
-2304
-2302
-2301
-2298
-2295
-2295
-2294
-2293
-2289
-2286
-2286
-2284
-2282
-2279
-2277
-2272
-2270
-2270
-2268
-2267
-2266
-2265
-2261
-2259
-2256
-2255
-2253
-2252
-2252
-2250
-2249
-2248
-2243
-2242
-2240
-2240
-2239
-2239
-2238
-2237
-2236
-2235
-2228
-2226
-2225
-2225
-2225
-2222
-2222
-2222
-2217
-2216
-2213
-2211
-2211
-2209
-2208
-2206
-2205
-2204
-2202
-2202
-2202
-2199
-2199
-2198
-2198
-2194
-2194
-2192
-2191
-2190
-2189
-2186
-2185
-2184
-2184
-2180
-2174
-2169
-2168
-2167
-2166
-2165
-2162
-2158
-2158
-2157
-2152
-2150
-2150
-2149
-2149
-2147
-2144
-2143
-2143
-2138
-2134
-2133
-2132
-2129
-2122
-2119
-2118
-2118
-2116
-2116
-2115
-2115
-2115
-2114
-2113
-2109
-2109
-2108
-2107
-2104
-2104
-2100
-2099
-2098
-2098
-2097
-2094
-2093
-2088
-2086
-2086
-2085
-2083
-2082
-2080
-2079
-2078
-2077
-2077
-2077
-2071
-2068
-2065
-2063
-2059
-2059
-2059
-2058
-2056
-2054
-2052
-2051
-2049
-2047
-2044
-2044
-2039
-2037
-2034
-2030
-2029
-2026
-2017
-2013
-2013
-2012
-2009
-2007
-2007
-2004
-2001
-1998
-1997
-1996
-1995
-1994
-1992
-1991
-1991
-1989
-1989
-1988
-1988
-1986
-1986
-1982
-1981
-1977
-1974
-1970
-1969
-1968
-1967
-1966
-1966
-1965
-1964
-1961
-1957
-1956
-1955
-1954
-1949
-1948
-1938
-1936
-1932
-1931
-1924
-1922
-1922
-1920
-1914
-1913
-1913
-1910
-1909
-1906
-1906
-1905
-1903
-1901
-1900
-1898
-1897
-1894
-1890
-1888
-1884
-1883
-1881
-1876
-1875
-1871
-1870
-1870
-1870
-1869
-1867
-1866
-1862
-1862
-1861
-1861
-1858
-1855
-1853
-1852
-1847
-1847
-1847
-1846
-1846
-1845
-1844
-1841
-1837
-1834
-1834
-1829
-1822
-1817
-1814
-1813
-1812
-1812
-1812
-1808
-1805
-1801
-1799
-1798
-1798
-1797
-1797
-1795
-1794
-1792
-1791
-1789
-1784
-1780
-1778
-1774
-1772
-1772
-1770
-1769
-1769
-1767
-1764
-1760
-1750
-1743
-1739
-1739
-1738
-1736
-1730
-1719
-1719
-1719
-1717
-1716
-1713
-1713
-1712
-1709
-1708
-1707
-1706
-1705
-1704
-1702
-1701
-1700
-1699
-1698
-1698
-1697
-1691
-1690
-1689
-1688
-1686
-1685
-1684
-1683
-1683
-1675
-1675
-1675
-1674
-1671
-1667
-1666
-1665
-1661
-1660
-1658
-1658
-1657
-1656
-1655
-1652
-1651
-1649
-1648
-1645
-1643
-1643
-1640
-1637
-1633
-1629
-1628
-1626
-1625
-1625
-1625
-1622
-1616
-1615
-1613
-1613
-1611
-1610
-1608
-1607
-1603
-1601
-1598
-1598
-1598
-1597
-1596
-1593
-1591
-1591
-1589
-1587
-1581
-1580
-1579
-1577
-1576
-1572
-1571
-1568
-1562
-1562
-1561
-1560
-1555
-1553
-1552
-1544
-1542
-1542
-1542
-1542
-1539
-1538
-1534
-1532
-1528
-1527
-1524
-1524
-1524
-1517
-1517
-1512
-1509
-1507
-1505
-1501
-1499
-1498
-1493
-1493
-1491
-1486
-1483
-1482
-1481
-1479
-1478
-1476
-1472
-1472
-1469
-1468
-1466
-1466
-1466
-1462
-1461
-1460
-1459
-1458
-1458
-1456
-1455
-1453
-1450
-1445
-1444
-1442
-1442
-1439
-1439
-1437
-1436
-1434
-1433
-1432
-1430
-1430
-1423
-1415
-1415
-1414
-1409
-1406
-1406
-1406
-1404
-1403
-1403
-1403
-1402
-1401
-1399
-1397
-1386
-1386
-1385
-1384
-1384
-1378
-1375
-1373
-1369
-1369
-1368
-1363
-1362
-1358
-1355
-1344
-1344
-1343
-1343
-1343
-1342
-1328
-1327
-1326
-1326
-1322
-1318
-1315
-1312
-1308
-1305
-1300
-1298
-1296
-1293
-1291
-1287
-1287
-1286
-1285
-1285
-1284
-1280
-1279
-1276
-1273
-1272
-1268
-1268
-1268
-1266
-1261
-1258
-1257
-1256
-1254
-1247
-1242
-1241
-1239
-1239
-1238
-1234
-1232
-1231
-1228
-1228
-1223
-1217
-1215
-1214
-1213
-1212
-1211
-1209
-1207
-1206
-1205
-1204
-1204
-1202
-1200
-1198
-1194
-1193
-1185
-1181
-1180
-1176
-1172
-1171
-1170
-1170
-1167
-1163
-1162
-1160
-1160
-1159
-1159
-1159
-1158
-1158
-1158
-1156
-1155
-1151
-1150
-1150
-1148
-1145
-1143
-1137
-1135
-1135
-1128
-1126
-1120
-1120
-1111
-1104
-1099
-1098
-1096
-1089
-1088
-1088
-1087
-1086
-1083
-1079
-1077
-1076
-1076
-1073
-1070
-1070
-1069
-1067
-1066
-1062
-1060
-1059
-1058
-1058
-1058
-1051
-1045
-1045
-1045
-1044
-1043
-1041
-1040
-1039
-1038
-1037
-1035
-1030
-1027
-1026
-1026
-1026
-1025
-1024
-1021
-1021
-1020
-1016
-1008
-1006
-1000
-1000
-997
-996
-994
-991
-985
-984
-983
-981
-975
-974
-974
-972
-972
-970
-963
-960
-958
-956
-955
-954
-954
-952
-946
-946
-945
-945
-944
-942
-938
-924
-924
-923
-921
-909
-909
-907
-906
-902
-901
-900
-900
-897
-894
-889
-887
-881
-880
-879
-872
-866
-861
-861
-861
-860
-860
-859
-859
-856
-854
-852
-851
-850
-847
-845
-844
-843
-843
-842
-839
-837
-836
-832
-831
-828
-823
-820
-820
-818
-817
-815
-812
-806
-801
-801
-801
-800
-800
-798
-797
-793
-792
-791
-790
-789
-785
-770
-766
-765
-764
-763
-759
-756
-750
-748
-747
-747
-743
-743
-740
-740
-738
-727
-722
-721
-721
-719
-719
-717
-715
-711
-711
-710
-708
-708
-707
-706
-704
-702
-702
-701
-700
-699
-694
-691
-690
-687
-687
-687
-686
-684
-682
-681
-681
-680
-680
-674
-666
-665
-659
-653
-651
-649
-647
-638
-635
-634
-632
-632
-631
-626
-626
-626
-622
-620
-620
-619
-616
-616
-613
-612
-612
-611
-610
-607
-604
-603
-602
-598
-598
-598
-594
-592
-590
-590
-588
-587
-587
-583
-582
-581
-581
-580
-579
-577
-577
-576
-576
-572
-570
-568
-566
-566
-566
-565
-564
-563
-560
-558
-556
-551
-550
-549
-548
-547
-547
-544
-541
-538
-534
-534
-533
-532
-531
-530
-529
-522
-521
-520
-518
-516
-515
-510
-510
-506
-505
-503
-503
-501
-491
-490
-489
-486
-483
-483
-481
-480
-479
-476
-476
-476
-473
-472
-472
-472
-469
-465
-463
-463
-462
-458
-455
-448
-441
-441
-440
-438
-436
-434
-433
-431
-424
-422
-420
-417
-417
-417
-415
-414
-413
-411
-410
-409
-409
-408
-406
-405
-401
-398
-398
-393
-387
-386
-384
-382
-380
-376
-375
-372
-369
-366
-366
-366
-366
-365
-362
-354
-350
-349
-348
-347
-345
-344
-344
-342
-340
-340
-335
-335
-335
-333
-326
-322
-320
-317
-307
-306
-304
-302
-302
-298
-298
-293
-289
-288
-287
-286
-282
-279
-276
-272
-266
-264
-262
-258
-255
-254
-253
-247
-247
-244
-243
-242
-238
-238
-235
-233
-230
-228
-222
-212
-212
-208
-206
-202
-199
-195
-193
-193
-193
-190
-189
-189
-188
-186
-183
-180
-180
-179
-175
-171
-168
-167
-165
-165
-161
-160
-160
-159
-158
-158
-157
-157
-157
-150
-150
-145
-144
-141
-140
-139
-139
-138
-138
-136
-135
-131
-129
-127
-126
-125
-123
-122
-122
-120
-118
-118
-116
-112
-110
-107
-105
-103
-101
-100
-99
-97
-96
-95
-94
-92
-90
-88
-81
-79
-79
-77
-76
-72
-70
-67
-67
-66
-65
-65
-64
-62
-58
-54
-52
-51
-50
-47
-45
-44
-43
-42
-37
-35
-31
-31
-30
-29
-28
-27
-25
-24
-20
-19
-14
-13
-12
-10
-9
-6
-6
-5
-3
1
2
2
6
10
20
22
23
23
24
28
29
32
34
40
41
47
51
53
55
56
64
64
64
73
76
78
79
83
83
86
86
87
92
93
94
96
104
108
110
110
115
119
120
122
126
126
129
130
132
135
142
142
142
143
144
145
150
150
156
158
159
159
160
162
163
167
168
170
171
171
171
172
174
176
176
179
179
180
182
183
185
187
188
193
195
197
202
202
203
203
204
207
209
209
213
213
216
220
221
222
225
226
230
232
233
236
238
240
241
242
242
242
246
246
255
259
259
260
262
264
265
272
273
273
276
279
282
282
286
288
290
292
293
301
302
304
304
308
308
308
309
312
315
319
319
320
320
321
322
324
324
326
333
340
342
345
346
346
346
347
351
352
353
353
356
358
359
360
360
361
362
362
362
364
365
368
368
371
373
374
375
378
380
382
382
384
386
387
395
396
396
399
402
402
404
404
404
405
409
410
411
414
418
422
422
428
428
429
430
432
433
435
439
439
440
440
442
443
443
445
445
449
449
453
455
455
458
458
459
460
460
462
463
465
469
470
470
474
475
476
478
484
485
486
488
489
489
489
493
494
495
499
500
501
502
513
515
516
517
519
519
519
520
527
529
535
535
537
538
539
542
542
544
545
552
553
555
556
559
559
568
569
570
571
576
577
581
583
584
584
586
588
589
593
594
597
598
601
602
605
606
608
612
614
616
625
629
629
631
632
635
638
638
639
639
639
642
648
651
653
662
664
665
665
667
667
668
668
669
670
672
672
674
674
674
677
678
683
683
684
684
689
691
692
692
694
694
699
702
703
706
710
711
711
715
716
721
721
730
732
733
736
737
738
738
740
743
744
745
745
748
748
748
749
749
755
762
762
764
764
765
765
768
768
768
770
774
776
779
781
781
782
782
782
783
784
786
790
791
792
797
799
800
801
809
809
811
815
818
820
822
823
825
825
833
837
838
839
841
843
843
846
849
850
851
852
853
855
856
856
858
858
860
861
865
867
868
871
873
876
876
877
879
881
881
884
887
887
888
889
892
898
899
899
901
901
901
902
903
910
913
914
914
916
918
923
923
926
928
935
938
939
941
941
943
943
945
951
953
954
956
959
959
959
960
962
964
965
965
967
968
971
972
973
974
980
982
983
984
986
987
992
992
995
997
999
1001
1001
1006
1006
1011
1012
1013
1014
1014
1019
1020
1025
1027
1030
1032
1034
1035
1038
1039
1039
1040
1041
1041
1041
1043
1044
1045
1049
1050
1053
1053
1054
1060
1061
1061
1062
1063
1064
1068
1073
1073
1073
1073
1074
1077
1079
1079
1080
1083
1083
1090
1092
1094
1095
1100
1101
1103
1103
1103
1104
1110
1114
1116
1118
1118
1121
1121
1129
1130
1136
1138
1141
1143
1144
1145
1146
1147
1148
1151
1156
1157
1157
1159
1160
1161
1161
1162
1164
1164
1166
1167
1169
1169
1172
1173
1174
1175
1176
1176
1180
1188
1191
1191
1193
1196
1196
1198
1198
1198
1199
1200
1202
1202
1206
1207
1209
1217
1219
1222
1222
1223
1223
1225
1226
1230
1232
1233
1239
1240
1242
1243
1244
1244
1245
1245
1245
1246
1248
1251
1251
1252
1255
1258
1258
1260
1260
1260
1261
1262
1262
1264
1265
1265
1272
1272
1274
1276
1276
1279
1280
1286
1286
1291
1292
1294
1298
1299
1303
1303
1304
1305
1307
1308
1309
1309
1313
1320
1324
1327
1331
1333
1333
1334
1335
1335
1336
1340
1345
1346
1346
1350
1351
1354
1355
1360
1365
1366
1368
1372
1374
1375
1376
1377
1381
1385
1385
1389
1391
1396
1399
1400
1401
1407
1408
1411
1411
1411
1417
1419
1423
1431
1431
1431
1431
1431
1431
1433
1435
1436
1438
1438
1441
1442
1444
1450
1451
1454
1456
1458
1459
1461
1463
1468
1468
1471
1474
1474
1476
1477
1477
1478
1479
1484
1489
1490
1495
1499
1500
1500
1502
1505
1507
1507
1512
1514
1516
1518
1520
1521
1525
1537
1538
1538
1541
1543
1551
1557
1559
1559
1559
1562
1563
1563
1564
1566
1566
1568
1569
1569
1570
1571
1572
1573
1573
1577
1577
1581
1584
1585
1591
1592
1598
1599
1603
1604
1608
1609
1609
1610
1612
1612
1612
1613
1624
1624
1627
1627
1627
1628
1629
1635
1637
1639
1640
1641
1645
1647
1649
1653
1654
1655
1655
1656
1658
1658
1659
1660
1662
1663
1668
1669
1674
1675
1676
1677
1686
1688
1688
1692
1697
1700
1704
1706
1706
1709
1709
1710
1713
1714
1714
1715
1717
1719
1720
1722
1723
1724
1725
1725
1726
1727
1729
1738
1740
1741
1742
1743
1745
1747
1753
1755
1759
1760
1760
1760
1763
1764
1769
1778
1780
1782
1782
1786
1789
1795
1798
1798
1803
1803
1804
1805
1807
1807
1808
1810
1813
1821
1824
1824
1826
1828
1828
1830
1831
1831
1833
1834
1837
1840
1841
1843
1847
1848
1850
1850
1855
1856
1857
1858
1859
1859
1859
1859
1864
1865
1865
1866
1868
1868
1871
1873
1875
1877
1878
1880
1880
1882
1883
1885
1887
1889
1889
1892
1893
1894
1901
1902
1902
1903
1905
1906
1909
1909
1912
1912
1916
1917
1920
1921
1923
1924
1929
1932
1933
1933
1938
1942
1944
1944
1946
1946
1949
1950
1954
1955
1955
1956
1957
1957
1957
1959
1966
1966
1967
1972
1974
1975
1975
1976
1978
1979
1982
1984
1988
1990
1990
1995
1996
1998
1999
2000
2001
2006
2007
2008
2009
2011
2012
2012
2016
2016
2018
2027
2027
2030
2032
2032
2036
2038
2038
2039
2042
2044
2045
2050
2053
2055
2060
2061
2061
2061
2064
2065
2069
2070
2077
2078
2079
2080
2080
2081
2081
2081
2082
2082
2085
2088
2090
2094
2094
2096
2099
2099
2100
2102
2104
2104
2107
2107
2107
2116
2119
2124
2129
2130
2141
2141
2142
2142
2144
2145
2147
2149
2152
2164
2166
2166
2168
2168
2172
2172
2173
2179
2186
2188
2189
2189
2190
2192
2192
2194
2194
2195
2198
2201
2205
2207
2209
2212
2213
2214
2215
2221
2221
2224
2230
2231
2232
2232
2233
2233
2234
2236
2236
2237
2239
2241
2243
2246
2247
2249
2250
2250
2251
2252
2252
2253
2256
2259
2259
2260
2261
2262
2262
2265
2266
2267
2272
2273
2274
2275
2277
2282
2287
2292
2293
2295
2296
2296
2297
2298
2298
2300
2300
2302
2304
2306
2306
2307
2309
2310
2310
2311
2315
2315
2317
2318
2321
2324
2325
2336
2337
2338
2342
2342
2342
2347
2351
2354
2355
2357
2357
2359
2360
2360
2363
2363
2365
2366
2366
2367
2371
2372
2374
2374
2374
2375
2379
2381
2384
2385
2388
2392
2395
2397
2398
2398
2398
2400
2402
2404
2407
2410
2413
2415
2418
2420
2421
2422
2422
2425
2428
2431
2434
2435
2439
2440
2440
2443
2443
2445
2446
2446
2449
2457
2458
2460
2461
2461
2465
2469
2469
2471
2472
2474
2474
2480
2482
2488
2489
2489
2489
2494
2494
2495
2497
2497
2499
2502
2506
2508
2508
2509
2514
2514
2515
2517
2517
2518
2521
2525
2527
2531
2533
2535
2540
2540
2544
2544
2545
2547
2548
2549
2555
2556
2557
2557
2557
2558
2560
2561
2563
2571
2572
2572
2572
2575
2575
2583
2584
2585
2585
2591
2593
2599
2600
2601
2609
2610
2610
2611
2612
2615
2615
2618
2619
2621
2623
2630
2635
2635
2637
2637
2638
2639
2640
2641
2648
2648
2649
2652
2652
2656
2657
2657
2658
2661
2661
2666
2669
2674
2675
2676
2676
2679
2680
2681
2687
2687
2692
2693
2694
2696
2699
2701
2702
2703
2705
2706
2708
2708
2710
2712
2715
2717
2718
2722
2723
2727
2728
2728
2729
2731
2731
2734
2735
2736
2740
2741
2741
2742
2743
2743
2744
2748
2749
2753
2753
2755
2756
2760
2760
2767
2769
2772
2772
2774
2775
2778
2781
2781
2782
2783
2785
2786
2792
2793
2796
2796
2807
2809
2811
2819
2822
2823
2823
2826
2830
2831
2834
2834
2835
2835
2837
2837
2841
2845
2847
2847
2850
2850
2851
2852
2855
2855
2862
2863
2864
2864
2865
2868
2869
2870
2871
2873
2876
2879
2883
2883
2884
2885
2889
2891
2900
2902
2903
2905
2906
2906
2911
2912
2914
2915
2916
2916
2920
2921
2923
2925
2933
2936
2936
2940
2942
2943
2947
2949
2954
2955
2960
2960
2962
2962
2972
2979
2981
2983
2985
2986
2986
2987
2987
2989
2991
2994
2994
2994
2996
2998
2999
3001
3005
3007
3009
3009
3010
3012
3013
3013
3014
3016
3018
3021
3024
3024
3026
3026
3026
3027
3027
3029
3030
3031
3036
3037
3038
3039
3040
3040
3041
3041
3045
3046
3047
3049
3058
3059
3060
3060
3062
3063
3066
3074
3080
3081
3086
3086
3087
3089
3091
3092
3092
3094
3100
3102
3103
3104
3108
3110
3113
3117
3117
3118
3118
3118
3119
3121
3123
3124
3129
3130
3131
3136
3137
3138
3140
3140
3142
3142
3148
3148
3151
3152
3155
3155
3157
3161
3162
3166
3167
3169
3172
3177
3177
3182
3189
3189
3191
3192
3192
3193
3194
3199
3200
3201
3202
3202
3204
3205
3205
3207
3214
3214
3218
3219
3219
3219
3221
3223
3226
3229
3231
3233
3238
3238
3240
3240
3241
3241
3243
3245
3245
3254
3261
3262
3262
3265
3269
3274
3278
3285
3289
3292
3293
3298
3300
3302
3303
3307
3314
3315
3316
3316
3316
3318
3329
3333
3338
3342
3354
3355
3358
3359
3361
3361
3362
3363
3366
3370
3373
3375
3375
3377
3378
3380
3381
3385
3385
3389
3393
3395
3397
3400
3402
3402
3402
3403
3403
3403
3403
3405
3409
3411
3412
3413
3414
3417
3418
3418
3419
3422
3423
3425
3427
3430
3434
3434
3435
3439
3441
3442
3445
3447
3449
3453
3455
3456
3457
3458
3459
3461
3464
3467
3469
3474
3477
3478
3480
3481
3482
3483
3485
3486
3486
3487
3489
3490
3491
3492
3493
3494
3501
3501
3507
3507
3508
3508
3513
3516
3516
3516
3520
3521
3522
3522
3523
3524
3528
3529
3533
3533
3533
3534
3534
3534
3536
3539
3540
3540
3540
3541
3541
3542
3546
3551
3556
3556
3557
3559
3566
3571
3571
3577
3578
3580
3583
3585
3586
3592
3598
3599
3599
3602
3603
3605
3607
3610
3612
3617
3621
3621
3622
3622
3623
3625
3628
3628
3630
3630
3633
3636
3638
3644
3645
3649
3650
3650
3652
3652
3652
3653
3656
3659
3660
3660
3662
3662
3666
3666
3666
3668
3669
3671
3673
3678
3678
3679
3688
3688
3688
3694
3694
3695
3697
3702
3705
3708
3708
3709
3712
3714
3716
3718
3718
3719
3723
3725
3728
3729
3729
3730
3731
3732
3740
3741
3750
3750
3754
3761
3762
3763
3769
3770
3772
3773
3776
3779
3782
3784
3786
3787
3788
3789
3789
3791
3799
3801
3803
3803
3805
3805
3809
3810
3812
3816
3816
3818
3821
3826
3826
3829
3831
3833
3833
3841
3842
3843
3848
3849
3849
3852
3854
3856
3858
3859
3861
3864
3867
3867
3871
3874
3878
3881
3886
3887
3890
3893
3895
3895
3903
3912
3914
3918
3918
3918
3921
3921
3927
3927
3928
3929
3935
3935
3936
3940
3942
3945
3946
3947
3947
3949
3949
3950
3953
3954
3954
3955
3956
3958
3960
3961
3967
3969
3969
3970
3970
3970
3976
3978
3982
3982
3985
3986
3987
3989
3993
3995
3995
3997
3998
3999
4000
4002
4003
4007
4010
4011
4011
4011
4014
4018
4019
4022
4024
4026
4027
4028
4029
4030
4032
4034
4035
4042
4044
4044
4048
4053
4053
4055
4058
4059
4060
4064
4067
4071
4073
4073
4076
4082
4083
4084
4085
4087
4088
4093
4093
4104
4107
4112
4116
4117
4118
4120
4122
4123
4127
4129
4132
4132
4134
4138
4139
4140
4143
4146
4148
4150
4151
4151
4152
4154
4154
4155
4155
4155
4160
4160
4160
4161
4164
4166
4167
4168
4168
4168
4169
4169
4170
4172
4173
4175
4175
4187
4189
4189
4189
4192
4193
4198
4198
4202
4204
4205
4207
4211
4213
4213
4216
4216
4220
4222
4225
4229
4231
4231
4232
4234
4238
4239
4246
4247
4251
4252
4254
4255
4255
4257
4258
4265
4265
4266
4273
4274
4278
4278
4281
4286
4286
4288
4289
4295
4296
4299
4299
4303
4303
4311
4312
4314
4314
4315
4317
4317
4318
4319
4319
4323
4324
4332
4332
4333
4335
4336
4342
4345
4347
4347
4347
4347
4347
4348
4351
4352
4352
4352
4353
4354
4354
4354
4355
4357
4360
4360
4361
4363
4364
4364
4366
4366
4366
4367
4369
4374
4375
4378
4381
4381
4381
4388
4390
4394
4395
4396
4401
4401
4406
4411
4415
4416
4417
4417
4417
4418
4424
4427
4431
4434
4438
4441
4442
4442
4447
4447
4448
4449
4449
4449
4455
4456
4458
4459
4459
4462
4462
4464
4467
4468
4468
4471
4471
4471
4471
4474
4475
4475
4477
4484
4485
4485
4486
4487
4488
4503
4507
4507
4509
4510
4513
4514
4524
4524
4525
4525
4527
4530
4531
4531
4532
4534
4538
4539
4542
4542
4545
4546
4546
4546
4550
4556
4566
4566
4568
4568
4569
4570
4571
4572
4574
4575
4580
4581
4582
4582
4587
4588
4590
4592
4593
4596
4597
4598
4599
4599
4602
4603
4604
4606
4607
4608
4609
4610
4612
4612
4614
4615
4615
4618
4618
4619
4620
4623
4625
4629
4630
4632
4633
4635
4635
4638
4640
4643
4647
4649
4651
4651
4654
4657
4658
4660
4666
4668
4672
4673
4675
4676
4678
4681
4682
4683
4683
4685
4686
4687
4690
4690
4690
4691
4692
4693
4696
4698
4701
4709
4713
4716
4717
4722
4722
4723
4725
4727
4730
4731
4734
4735
4736
4737
4737
4738
4743
4748
4749
4761
4764
4768
4769
4769
4770
4772
4773
4774
4775
4776
4776
4777
4787
4787
4787
4792
4796
4799
4799
4800
4803
4804
4805
4809
4810
4813
4814
4814
4815
4817
4818
4820
4821
4825
4826
4828
4828
4829
4830
4833
4834
4838
4838
4839
4840
4845
4849
4851
4857
4859
4859
4860
4861
4864
4865
4869
4869
4870
4871
4872
4874
4879
4883
4886
4886
4886
4887
4888
4892
4895
4897
4898
4899
4905
4905
4906
4915
4916
4916
4917
4917
4919
4921
4925
4925
4927
4929
4930
4930
4931
4931
4933
4934
4938
4940
4942
4943
4950
4951
4957
4961
4969
4974
4978
4979
4982
4983
4983
4984
4986
4989
4990
4990
4994
4996
4997
4999
4999
4999
5001
5003
5003
5006
5006
5011
5012
5013
5014
5014
5015
5016
5020
5020
5021
5024
5028
5030
5032
5032
5032
5032
5036
5038
5038
5039
5040
5046
5049
5051
5054
5055
5056
5058
5061
5062
5063
5064
5065
5067
5068
5072
5073
5073
5074
5074
5075
5079
5081
5092
5095
5096
5098
5099
5100
5101
5103
5104
5106
5107
5107
5109
5112
5112
5115
5115
5116
5117
5118
5119
5123
5124
5126
5127
5127
5128
5132
5134
5136
5136
5138
5142
5145
5146
5148
5152
5154
5156
5159
5161
5163
5165
5170
5173
5174
5175
5175
5177
5178
5179
5183
5183
5185
5187
5187
5191
5191
5191
5192
5193
5195
5195
5201
5202
5204
5206
5207
5207
5208
5209
5213
5213
5215
5216
5217
5219
5221
5223
5223
5224
5224
5225
5228
5229
5232
5233
5233
5235
5238
5238
5240
5242
5242
5242
5244
5245
5249
5249
5251
5253
5255
5256
5259
5259
5261
5262
5265
5266
5276
5277
5278
5279
5280
5281
5282
5284
5285
5289
5290
5293
5295
5296
5299
5301
5303
5307
5310
5317
5320
5321
5321
5323
5332
5333
5335
5344
5350
5351
5355
5356
5365
5376
5383
5387
5390
5392
5395
5395
5400
5400
5403
5406
5406
5408
5410
5411
5411
5413
5414
5414
5418
5420
5424
5425
5425
5426
5428
5429
5431
5431
5432
5434
5435
5435
5436
5437
5440
5440
5441
5441
5441
5443
5449
5449
5453
5459
5460
5461
5468
5470
5472
5475
5477
5485
5487
5488
5494
5496
5496
5496
5497
5497
5498
5499
5500
5500
5502
5504
5511
5512
5514
5515
5515
5517
5519
5519
5520
5521
5527
5530
5534
5536
5549
5550
5551
5552
5562
5562
5565
5569
5569
5571
5571
5574
5577
5581
5581
5582
5582
5583
5586
5588
5588
5589
5590
5590
5593
5593
5594
5596
5597
5601
5603
5604
5604
5604
5605
5605
5611
5615
5617
5618
5620
5620
5622
5624
5627
5628
5629
5631
5634
5638
5638
5641
5644
5644
5644
5646
5646
5648
5649
5650
5652
5654
5655
5656
5656
5659
5660
5664
5665
5666
5666
5672
5672
5675
5676
5679
5679
5680
5682
5683
5684
5685
5688
5689
5690
5691
5697
5698
5698
5699
5704
5704
5705
5705
5706
5710
5711
5715
5720
5721
5722
5731
5732
5734
5743
5744
5744
5745
5750
5752
5753
5753
5759
5760
5764
5766
5767
5767
5772
5773
5773
5774
5778
5779
5783
5793
5793
5800
5801
5802
5803
5804
5806
5807
5808
5808
5809
5809
5811
5812
5812
5813
5815
5817
5818
5818
5819
5820
5824
5826
5827
5829
5829
5831
5833
5834
5835
5835
5836
5837
5837
5838
5838
5840
5841
5842
5849
5850
5853
5855
5862
5864
5872
5875
5879
5880
5881
5883
5883
5885
5888
5892
5894
5896
5900
5902
5904
5910
5916
5919
5922
5925
5930
5930
5933
5937
5941
5941
5942
5946
5948
5949
5949
5954
5955
5957
5958
5961
5962
5963
5965
5965
5967
5969
5970
5972
5972
5973
5977
5979
5979
5984
5985
5985
5993
5995
5998
5998
6003
6006
6007
6010
6011
6013
6016
6016
6020
6021
6022
6023
6025
6025
6027
6028
6029
6030
6032
6033
6034
6034
6034
6037
6038
6039
6043
6044
6045
6046
6046
6050
6050
6056
6057
6058
6060
6064
6065
6066
6068
6073
6075
6076
6076
6077
6078
6079
6081
6086
6089
6091
6092
6093
6094
6095
6097
6097
6098
6100
6107
6111
6112
6113
6114
6116
6119
6126
6126
6131
6131
6132
6136
6136
6138
6140
6144
6144
6145
6147
6148
6149
6150
6153
6154
6154
6161
6163
6165
6166
6169
6172
6172
6173
6174
6178
6178
6179
6180
6181
6181
6182
6182
6186
6186
6188
6191
6192
6192
6193
6194
6195
6196
6196
6197
6203
6205
6205
6209
6209
6211
6213
6217
6219
6220
6222
6225
6229
6237
6237
6238
6244
6245
6249
6250
6252
6254
6255
6259
6263
6264
6265
6265
6265
6267
6267
6271
6274
6276
6277
6282
6283
6283
6284
6285
6286
6287
6288
6289
6291
6300
6301
6302
6304
6306
6306
6310
6311
6312
6314
6315
6316
6319
6319
6324
6325
6326
6330
6331
6335
6336
6336
6337
6338
6341
6343
6344
6345
6346
6347
6347
6347
6349
6350
6351
6352
6353
6354
6359
6360
6364
6371
6371
6375
6376
6379
6380
6382
6382
6384
6385
6388
6391
6392
6393
6394
6394
6395
6402
6403
6410
6411
6412
6414
6419
6421
6422
6424
6429
6430
6431
6433
6433
6436
6441
6442
6442
6442
6448
6448
6449
6452
6453
6455
6458
6460
6461
6463
6465
6467
6468
6469
6474
6475
6476
6478
6479
6479
6481
6482
6483
6485
6486
6487
6487
6488
6488
6488
6489
6489
6491
6491
6491
6495
6497
6504
6509
6512
6512
6514
6514
6514
6522
6523
6528
6529
6529
6531
6533
6533
6533
6534
6535
6537
6537
6541
6548
6551
6551
6552
6555
6557
6557
6557
6558
6559
6562
6564
6565
6567
6568
6570
6572
6574
6576
6581
6582
6582
6583
6590
6591
6592
6592
6595
6597
6598
6605
6609
6609
6614
6617
6617
6621
6629
6632
6632
6634
6636
6636
6636
6637
6637
6637
6640
6644
6646
6652
6655
6655
6656
6658
6659
6660
6660
6660
6661
6662
6662
6662
6663
6664
6665
6670
6671
6671
6672
6672
6672
6675
6676
6680
6680
6682
6684
6686
6687
6691
6691
6691
6692
6694
6694
6696
6704
6707
6708
6709
6710
6715
6721
6722
6729
6731
6732
6735
6736
6739
6741
6741
6742
6743
6743
6747
6748
6748
6752
6753
6754
6758
6760
6760
6761
6766
6769
6771
6773
6773
6775
6775
6776
6777
6778
6791
6793
6798
6802
6803
6807
6811
6814
6817
6822
6824
6824
6824
6826
6831
6833
6840
6841
6842
6842
6844
6848
6855
6857
6857
6861
6863
6869
6871
6874
6875
6875
6875
6877
6877
6878
6878
6879
6879
6880
6883
6887
6889
6889
6890
6891
6895
6896
6896
6896
6898
6900
6900
6901
6902
6902
6909
6911
6912
6915
6915
6918
6918
6919
6921
6927
6930
6931
6931
6932
6934
6934
6941
6945
6945
6946
6947
6949
6951
6953
6954
6959
6963
6964
6966
6966
6967
6968
6969
6970
6971
6971
6972
6972
6977
6977
6982
6987
6992
6992
6993
6994
6997
6998
7002
7007
7008
7009
7010
7011
7016
7016
7016
7018
7024
7025
7025
7027
7030
7033
7034
7035
7042
7042
7044
7049
7049
7053
7054
7056
7056
7058
7059
7059
7060
7060
7060
7061
7063
7063
7064
7064
7065
7067
7070
7070
7071
7075
7076
7077
7079
7081
7083
7086
7087
7093
7099
7101
7104
7106
7107
7112
7112
7120
7121
7124
7125
7125
7127
7127
7129
7131
7132
7133
7135
7137
7142
7144
7144
7145
7155
7157
7160
7161
7162
7169
7171
7171
7173
7174
7175
7177
7178
7179
7183
7183
7190
7192
7193
7194
7195
7198
7203
7203
7203
7204
7211
7212
7212
7214
7214
7217
7220
7223
7223
7225
7226
7226
7227
7228
7228
7230
7230
7231
7233
7236
7242
7244
7249
7249
7251
7251
7251
7251
7253
7255
7255
7255
7255
7258
7259
7262
7264
7265
7265
7266
7268
7271
7271
7275
7275
7278
7278
7279
7282
7282
7285
7288
7291
7295
7300
7302
7305
7306
7310
7310
7311
7311
7311
7314
7315
7317
7319
7321
7322
7324
7327
7327
7329
7330
7330
7330
7331
7334
7336
7338
7341
7341
7341
7344
7348
7351
7352
7352
7352
7358
7360
7360
7360
7360
7361
7362
7363
7363
7363
7365
7367
7367
7370
7371
7384
7386
7387
7388
7389
7394
7394
7396
7396
7397
7407
7409
7411
7411
7412
7413
7413
7414
7415
7422
7425
7427
7433
7433
7433
7440
7442
7446
7451
7452
7455
7456
7456
7457
7458
7459
7462
7465
7466
7466
7467
7467
7468
7468
7471
7472
7472
7476
7477
7477
7479
7482
7484
7490
7491
7492
7493
7496
7497
7499
7501
7502
7503
7504
7506
7509
7509
7509
7510
7512
7517
7518
7521
7523
7525
7528
7529
7530
7530
7532
7532
7537
7538
7540
7543
7543
7545
7548
7549
7551
7551
7555
7557
7558
7559
7562
7562
7564
7565
7570
7571
7573
7575
7578
7579
7584
7584
7585
7587
7598
7598
7600
7604
7605
7605
7606
7606
7611
7611
7612
7614
7615
7615
7615
7617
7620
7620
7621
7622
7623
7625
7626
7628
7631
7638
7639
7640
7641
7641
7644
7645
7647
7652
7654
7658
7661
7666
7666
7666
7672
7673
7683
7685
7686
7686
7687
7689
7691
7691
7691
7694
7694
7702
7707
7710
7710
7710
7719
7720
7723
7724
7727
7730
7733
7739
7742
7742
7743
7747
7749
7749
7751
7752
7754
7758
7759
7760
7763
7765
7766
7768
7771
7773
7779
7784
7785
7786
7789
7791
7795
7798
7800
7802
7803
7803
7811
7812
7812
7813
7814
7815
7816
7816
7820
7822
7823
7824
7826
7826
7826
7830
7832
7832
7832
7836
7836
7836
7837
7837
7838
7839
7844
7844
7846
7846
7849
7849
7851
7851
7856
7857
7858
7861
7866
7867
7872
7873
7873
7880
7881
7881
7882
7883
7886
7886
7887
7900
7900
7901
7904
7905
7911
7911
7911
7913
7917
7920
7923
7923
7927
7928
7929
7929
7930
7938
7939
7940
7940
7947
7949
7949
7952
7954
7955
7957
7960
7966
7967
7969
7969
7970
7975
7976
7977
7978
7978
7979
7979
7979
7981
7985
7985
7986
7986
7994
7995
7996
7997
7997
7998
8003
8006
8008
8009
8011
8011
8014
8014
8018
8019
8020
8029
8029
8030
8033
8033
8036
8041
8042
8044
8047
8047
8052
8052
8054
8055
8056
8056
8059
8059
8059
8061
8062
8063
8064
8070
8080
8082
8083
8090
8091
8093
8095
8096
8105
8115
8116
8116
8120
8122
8124
8125
8126
8128
8130
8131
8134
8135
8136
8137
8137
8138
8138
8141
8142
8144
8145
8146
8148
8150
8150
8152
8155
8161
8163
8170
8170
8171
8171
8171
8173
8177
8177
8180
8181
8181
8184
8185
8189
8190
8194
8195
8198
8208
8209
8210
8215
8217
8218
8224
8224
8225
8234
8235
8236
8238
8242
8244
8245
8246
8249
8249
8249
8251
8253
8253
8258
8259
8263
8263
8266
8267
8269
8272
8273
8274
8276
8277
8278
8279
8281
8287
8295
8296
8296
8297
8298
8300
8304
8311
8313
8313
8317
8321
8323
8323
8324
8329
8330
8330
8332
8334
8335
8336
8347
8348
8348
8351
8356
8356
8357
8365
8367
8367
8370
8373
8373
8384
8386
8387
8389
8397
8401
8403
8405
8405
8409
8411
8412
8417
8417
8418
8422
8423
8425
8425
8426
8428
8428
8429
8430
8430
8431
8431
8432
8433
8438
8439
8439
8440
8447
8447
8448
8450
8451
8452
8454
8457
8464
8465
8470
8471
8472
8473
8474
8480
8483
8484
8488
8488
8489
8489
8491
8491
8497
8500
8500
8501
8503
8504
8505
8505
8512
8517
8517
8521
8525
8526
8535
8536
8538
8542
8543
8551
8552
8553
8556
8557
8562
8563
8565
8568
8571
8579
8580
8583
8583
8586
8588
8589
8590
8596
8597
8598
8598
8601
8603
8603
8604
8607
8607
8610
8611
8613
8613
8613
8613
8614
8615
8617
8620
8620
8621
8622
8622
8623
8626
8630
8631
8635
8635
8636
8637
8638
8640
8647
8648
8650
8652
8654
8658
8660
8662
8663
8664
8668
8669
8670
8672
8673
8677
8678
8679
8679
8684
8685
8687
8690
8691
8691
8692
8695
8698
8703
8704
8705
8706
8707
8708
8709
8710
8711
8715
8721
8723
8724
8729
8729
8732
8733
8733
8742
8743
8745
8749
8750
8754
8755
8759
8759
8759
8767
8767
8769
8770
8770
8772
8775
8780
8784
8793
8795
8801
8803
8804
8805
8805
8805
8809
8813
8820
8825
8827
8831
8832
8836
8839
8840
8841
8843
8845
8846
8849
8850
8852
8853
8855
8856
8858
8858
8858
8860
8863
8864
8865
8868
8868
8868
8869
8869
8871
8875
8878
8885
8888
8890
8891
8891
8893
8894
8895
8896
8897
8897
8899
8902
8918
8921
8923
8924
8926
8927
8931
8932
8934
8935
8936
8941
8945
8950
8952
8952
8954
8955
8957
8958
8960
8963
8963
8965
8969
8969
8970
8970
8971
8972
8974
8977
8978
8981
8986
8988
8991
8994
8995
8996
8997
8998
9003
9005
9005
9006
9007
9008
9011
9014
9016
9016
9018
9019
9022
9022
9025
9026
9026
9027
9028
9029
9035
9037
9039
9040
9041
9049
9054
9055
9062
9062
9064
9070
9070
9073
9074
9074
9077
9078
9078
9081
9081
9081
9083
9094
9096
9102
9109
9109
9110
9111
9111
9112
9112
9114
9118
9119
9120
9123
9123
9124
9124
9125
9126
9128
9129
9130
9130
9132
9134
9135
9137
9148
9150
9150
9152
9156
9160
9163
9166
9166
9169
9170
9171
9174
9176
9176
9179
9180
9180
9182
9190
9191
9193
9202
9206
9210
9214
9215
9217
9217
9220
9220
9221
9223
9225
9227
9227
9233
9238
9238
9240
9241
9242
9244
9246
9247
9247
9249
9252
9255
9256
9258
9266
9267
9267
9268
9272
9275
9275
9276
9279
9283
9285
9286
9287
9289
9292
9294
9298
9299
9299
9301
9301
9301
9306
9306
9306
9310
9311
9312
9312
9315
9319
9319
9321
9322
9327
9328
9328
9331
9333
9341
9344
9345
9345
9348
9349
9350
9350
9360
9363
9363
9365
9365
9366
9366
9368
9369
9370
9371
9373
9374
9376
9376
9376
9377
9378
9381
9385
9386
9390
9390
9396
9399
9400
9405
9407
9407
9407
9408
9411
9414
9415
9416
9416
9417
9419
9427
9427
9429
9429
9432
9432
9432
9435
9440
9446
9446
9447
9448
9452
9452
9454
9455
9459
9461
9466
9466
9468
9472
9473
9476
9477
9477
9482
9486
9489
9493
9496
9497
9497
9498
9506
9507
9512
9512
9519
9519
9520
9521
9524
9524
9525
9526
9527
9532
9533
9538
9542
9545
9548
9553
9554
9556
9557
9562
9564
9565
9565
9565
9569
9571
9573
9577
9578
9579
9582
9582
9583
9584
9585
9588
9588
9589
9589
9589
9593
9593
9593
9593
9594
9597
9599
9600
9601
9608
9608
9608
9612
9619
9619
9619
9619
9621
9623
9626
9626
9626
9628
9633
9633
9637
9640
9640
9641
9645
9648
9653
9654
9655
9655
9655
9658
9660
9662
9662
9666
9671
9672
9672
9673
9676
9681
9683
9687
9687
9689
9692
9693
9695
9701
9702
9702
9703
9704
9708
9709
9709
9710
9712
9713
9714
9715
9715
9719
9721
9721
9724
9728
9728
9728
9730
9731
9732
9734
9734
9735
9735
9736
9736
9736
9736
9737
9739
9739
9740
9746
9753
9753
9758
9758
9760
9763
9763
9764
9768
9769
9770
9775
9775
9778
9779
9779
9783
9784
9787
9791
9797
9798
9798
9801
9805
9807
9807
9807
9809
9809
9811
9811
9811
9813
9814
9815
9815
9819
9825
9828
9832
9832
9833
9841
9841
9841
9842
9845
9850
9851
9854
9856
9858
9861
9862
9867
9869
9871
9875
9876
9881
9886
9887
9888
9892
9893
9899
9901
9902
9905
9906
9908
9910
9914
9918
9918
9921
9921
9922
9924
9925
9926
9927
9931
9931
9931
9931
9935
9936
9943
9947
9947
9951
9955
9956
9956
9958
9960
9961
9961
9962
9963
9965
9966
9966
9970
9970
9972
9974
9975
9977
9979
9981
9988
9990
9991
9993
9993
9995
9995
9999
10000
10000
10000
